IDX|20200109|093119|00004075|2|093119|0|AHAP                 |RG  |000425314262|00000000130.00|000000500000|AH  |D|AH  |D|00000000000.00|000000000000|00000000000.00|000000000000|000940088506|000940087964|fú
IDX|20200109|093120|00004076|5|AHAP                 |RG  |00000000140.00|00000000130.00|00000000130.00|00000000130.00|-00010.00|000000500000|0000000065000000|0000001|000000262.2237|00000840000000|00000000000.00|00000000000.00|000000000000|00000000000.00|000000000000|00000000130.00|0|¨T
IDX|20200109|093120|00004077|6|DBX       |00073812118972016|00674135397479977|000000913.3130|000000913.3240|000000913.3130|000000913.3130|000000913.3240|¾Ü
IDX|20200109|093120|00004078|6|FINANCE   |00178661921369319|02506596435828371|000001402.9830|000001402.9880|000001402.9830|000001402.9830|000001402.9880|N:
IDX|20200109|093120|00004079|6|COMPOSITE |00112592705496685|07417292526378935|000006587.7200|000006592.0170|000006592.0510|000006587.5570|000006592.0170|q?
IDX|20200109|093120|00004080|1|093120|0|BMRI                 |RG  |    |00000008775.00|000000100000|000000100000|D|000940088507|00000008775.00|000000100000|00000000000.00|000000000000|000000000000|Ÿ¢
IDX|20200109|111350|00007001|2|111350|0|SMCB                 |RG  |000425314497|00000001065.00|000000002100|SH  |D|XC  |D|00000001060.00|000000246500|00000001065.00|000000043500|000940089783|000940087693|ðÉ
IDX|20200109|111350|00007002|1|111350|0|SMCB                 |RG  |    |00000001065.00|000000001900|000000000000|D|000940089784|00000001060.00|000000246500|00000001065.00|000000041600|000000000000|Ní
IDX|20200109|111350|00007003|2|111350|0|SMCB                 |RG  |000425314498|00000001065.00|000000001900|SH  |D|XC  |D|00000001060.00|000000246500|00000001065.00|000000041600|000940089784|000940087693|­=
IDX|20200109|111350|00007004|1|111350|0|SMCB                 |RG  |    |00000001065.00|000000001500|000000000000|D|000940089785|00000001060.00|000000246500|00000001065.00|000000040100|000000000000|ê£
IDX|20200109|111350|00007005|2|111350|0|SMCB                 |RG  |000425314499|00000001065.00|000000001500|SH  |D|XC  |D|00000001060.00|000000246500|00000001065.00|000000040100|000940089785|000940087693|~'
IDX|20200109|111350|00007006|1|111350|0|SMCB                 |RG  |    |00000001065.00|000000002500|000000000000|D|000940089786|00000001060.00|000000246500|00000001065.00|000000037600|000000000000|Å2
IDX|20200109|111350|00007007|2|111350|0|SMCB                 |RG  |000425314500|00000001065.00|000000002500|SH  |D|XC  |D|00000001060.00|000000246500|00000001065.00|000000037600|000940089786|000940087693|ü
IDX|20200109|111350|00007008|1|111350|0|SMCB                 |RG  |    |00000001065.00|000000001300|000000000000|D|000940089787|00000001060.00|000000246500|00000001065.00|000000036300|000000000000|Øx
IDX|20200109|111350|00007009|2|111350|0|SMCB                 |RG  |000425314501|00000001065.00|000000001300|SH  |D|XC  |D|00000001060.00|000000246500|00000001065.00|000000036300|000940089787|000940087693|¼B
IDX|20200109|111350|00007010|1|111350|0|SMCB                 |RG  |    |00000001065.00|000000002700|000000000000|D|000940089788|00000001060.00|000000246500|00000001065.00|000000033600|000000000000|½
IDX|20200109|111350|00007011|2|111350|0|SMCB                 |RG  |000425314502|00000001065.00|000000002700|SH  |D|XC  |D|00000001060.00|000000246500|00000001065.00|000000033600|000940089788|000940087693| c
IDX|20200109|111350|00007012|1|111350|0|SMCB                 |RG  |    |00000001065.00|000000002000|000000000000|D|000940089789|00000001060.00|000000246500|00000001065.00|000000031600|000000000000|7
IDX|20200109|111350|00007013|2|111350|0|SMCB                 |RG  |000425314503|00000001065.00|000000002000|SH  |D|XC  |D|00000001060.00|000000246500|00000001065.00|000000031600|000940089789|000940087693|&Æ